0 0.15625 0.2722222222222222 0.0296875 0.1
0 0.1796875 0.26666666666666666 0.0265625 0.08333333333333333
2 0.721875 0.39166666666666666 0.003125 0.013888888888888888
2 0.690625 0.3861111111111111 0.003125 0.005555555555555556
2 0.64375 0.375 0.0046875 0.005555555555555556
2 0.63125 0.37777777777777777 0.00625 0.008333333333333333
2 0.6046875 0.36944444444444446 0.003125 0.005555555555555556
2 0.58125 0.37222222222222223 0.003125 0.008333333333333333
2 0.571875 0.375 0.003125 0.005555555555555556
2 0.5671875 0.36944444444444446 0.00625 0.008333333333333333
0 0.4578125 0.2722222222222222 0.0171875 0.06388888888888888