0 0.25 0.5166666666666667 0.1171875 0.49166666666666664
0 0.1359375 0.2777777777777778 0.0296875 0.10833333333333334
0 0.15625 0.2777777777777778 0.0296875 0.10555555555555556
0 0.4828125 0.2722222222222222 0.01875 0.07777777777777778
2 0.4546875 0.25833333333333336 0.003125 0.011111111111111112
2 0.5828125 0.36944444444444446 0.0046875 0.008333333333333333
2 0.5703125 0.375 0.003125 0.008333333333333333
2 0.5671875 0.36944444444444446 0.0046875 0.008333333333333333
2 0.6046875 0.37222222222222223 0.0046875 0.005555555555555556
2 0.63125 0.37777777777777777 0.0046875 0.002777777777777778
2 0.64375 0.37222222222222223 0.0046875 0.008333333333333333
2 0.6921875 0.3861111111111111 0.003125 0.008333333333333333
2 0.7234375 0.39166666666666666 0.0046875 0.008333333333333333