2 0.5796875 0.2972222222222222 0.0015625 0.005555555555555556
2 0.58125 0.37222222222222223 0.003125 0.002777777777777778
2 0.5703125 0.37222222222222223 0.003125 0.002777777777777778
2 0.5671875 0.37222222222222223 0.0015625 0.002777777777777778
2 0.6046875 0.36944444444444446 0.0015625 0.002777777777777778
2 0.63125 0.375 0.003125 0.002777777777777778
2 0.64375 0.375 0.003125 0.005555555555555556
2 0.690625 0.3861111111111111 0.003125 0.002777777777777778
2 0.7234375 0.39166666666666666 0.003125 0.005555555555555556
0 0.55625 0.2861111111111111 0.0125 0.05555555555555555
0 0.771875 0.5833333333333334 0.109375 0.46111111111111114