0 0.18125 0.26666666666666666 0.0265625 0.08888888888888889
0 0.1578125 0.275 0.0265625 0.10277777777777777
0 0.4515625 0.26944444444444443 0.0171875 0.06111111111111111
2 0.4515625 0.26666666666666666 0.003125 0.005555555555555556
2 0.58125 0.37222222222222223 0.0046875 0.008333333333333333
2 0.5703125 0.375 0.0015625 0.008333333333333333
2 0.5671875 0.37222222222222223 0.0046875 0.005555555555555556
2 0.6046875 0.37222222222222223 0.003125 0.008333333333333333
2 0.63125 0.37777777777777777 0.003125 0.008333333333333333
2 0.6453125 0.375 0.003125 0.008333333333333333
2 0.690625 0.3861111111111111 0.003125 0.005555555555555556
2 0.7234375 0.39166666666666666 0.003125 0.005555555555555556