0 0.5625 0.5333333333333333 0.1171875 0.38055555555555554
0 0.1359375 0.2777777777777778 0.03125 0.1111111111111111
0 0.15625 0.275 0.028125 0.09166666666666666
0 0.5 0.2861111111111111 0.0171875 0.05
0 0.1796875 0.26666666666666666 0.0265625 0.08055555555555556
2 0.4828125 0.23055555555555557 0.0046875 0.005555555555555556
2 0.58125 0.37222222222222223 0.0046875 0.005555555555555556
2 0.6046875 0.37222222222222223 0.0046875 0.008333333333333333
2 0.6328125 0.37777777777777777 0.003125 0.002777777777777778
2 0.6453125 0.375 0.003125 0.008333333333333333
2 0.6921875 0.3861111111111111 0.0046875 0.008333333333333333