0 0.3875 0.4166666666666667 0.0875 0.3194444444444444
0 0.1796875 0.2638888888888889 0.025 0.08611111111111111
0 0.15625 0.275 0.0265625 0.09166666666666666
0 0.140625 0.2777777777777778 0.028125 0.10833333333333334
0 0.4484375 0.2722222222222222 0.0203125 0.05277777777777778
2 0.58125 0.37222222222222223 0.003125 0.005555555555555556
2 0.565625 0.37222222222222223 0.003125 0.005555555555555556
2 0.571875 0.375 0.003125 0.005555555555555556
2 0.63125 0.375 0.003125 0.008333333333333333
2 0.6046875 0.37222222222222223 0.0046875 0.008333333333333333
2 0.64375 0.37222222222222223 0.0015625 0.005555555555555556
2 0.690625 0.3861111111111111 0.00625 0.005555555555555556
2 0.434375 0.26944444444444443 0.003125 0.008333333333333333