2 0.4046875 0.2638888888888889 0.0046875 0.008333333333333333
2 0.58125 0.37222222222222223 0.0046875 0.005555555555555556
2 0.63125 0.37777777777777777 0.0015625 0.008333333333333333
2 0.64375 0.37222222222222223 0.00625 0.008333333333333333
2 0.690625 0.3861111111111111 0.003125 0.005555555555555556
2 0.721875 0.39166666666666666 0.0046875 0.008333333333333333
2 0.6046875 0.37222222222222223 0.0046875 0.005555555555555556
2 0.565625 0.36944444444444446 0.003125 0.008333333333333333
2 0.5703125 0.37222222222222223 0.0046875 0.013888888888888888
0 0.46875 0.2722222222222222 0.01875 0.06111111111111111
0 0.20625 0.45555555555555555 0.109375 0.4