2 0.346875 0.26666666666666666 0.0125 0.016666666666666666
2 0.5671875 0.36944444444444446 0.0046875 0.005555555555555556
2 0.58125 0.36944444444444446 0.003125 0.005555555555555556
2 0.571875 0.37222222222222223 0.0046875 0.005555555555555556
2 0.5515625 0.3638888888888889 0.00625 0.005555555555555556
2 0.6046875 0.36944444444444446 0.0046875 0.011111111111111112
2 0.63125 0.37777777777777777 0.00625 0.011111111111111112
2 0.64375 0.375 0.0078125 0.013888888888888888
2 0.690625 0.3861111111111111 0.0015625 0.005555555555555556
2 0.7234375 0.39166666666666666 0.00625 0.011111111111111112
0 0.196875 0.4444444444444444 0.0796875 0.39444444444444443
0 0.484375 0.275 0.015625 0.06111111111111111