2 0.3703125 0.25555555555555554 0.0078125 0.011111111111111112
2 0.5515625 0.3638888888888889 0.0046875 0.008333333333333333
2 0.565625 0.36944444444444446 0.003125 0.008333333333333333
2 0.5828125 0.37222222222222223 0.0078125 0.005555555555555556
2 0.5703125 0.37222222222222223 0.0046875 0.013888888888888888
2 0.6046875 0.36944444444444446 0.0078125 0.011111111111111112
2 0.63125 0.37777777777777777 0.00625 0.008333333333333333
2 0.64375 0.375 0.00625 0.008333333333333333
2 0.690625 0.38333333333333336 0.0046875 0.008333333333333333
2 0.7234375 0.39166666666666666 0.003125 0.011111111111111112
0 0.48125 0.2777777777777778 0.0203125 0.06111111111111111
0 0.19375 0.4444444444444444 0.090625 0.4111111111111111