0 0.6859375 0.45 0.08125 0.2861111111111111
0 0.1796875 0.26666666666666666 0.025 0.08055555555555556
0 0.1546875 0.2722222222222222 0.0265625 0.08888888888888889
0 0.1421875 0.2777777777777778 0.0265625 0.10833333333333334
0 0.4703125 0.2777777777777778 0.0203125 0.07777777777777778
1 0.7171875 0.48333333333333334 0.0484375 0.07222222222222222
2 0.5828125 0.37222222222222223 0.003125 0.008333333333333333
2 0.6046875 0.37222222222222223 0.0046875 0.005555555555555556
2 0.63125 0.37777777777777777 0.003125 0.008333333333333333
2 0.64375 0.375 0.0046875 0.005555555555555556
2 0.5703125 0.375 0.0046875 0.008333333333333333
2 0.5671875 0.37222222222222223 0.0046875 0.005555555555555556