0 0.3078125 0.49166666666666664 0.13125 0.3972222222222222
0 0.18125 0.26666666666666666 0.0265625 0.08611111111111111
0 0.15625 0.2722222222222222 0.025 0.08888888888888889
0 0.140625 0.2777777777777778 0.0296875 0.10833333333333334
0 0.45 0.275 0.0171875 0.05555555555555555
2 0.428125 0.2833333333333333 0.003125 0.005555555555555556
2 0.58125 0.37222222222222223 0.003125 0.008333333333333333
2 0.5671875 0.37222222222222223 0.0046875 0.008333333333333333
2 0.6046875 0.37222222222222223 0.00625 0.008333333333333333
2 0.63125 0.375 0.003125 0.008333333333333333
2 0.64375 0.375 0.0046875 0.005555555555555556
2 0.5703125 0.37222222222222223 0.003125 0.005555555555555556
2 0.690625 0.3861111111111111 0.003125 0.008333333333333333
2 0.721875 0.39166666666666666 0.00625 0.005555555555555556