0 0.4375 0.5555555555555556 0.1125 0.5055555555555555
0 0.1359375 0.2777777777777778 0.028125 0.1111111111111111
0 0.15625 0.275 0.0265625 0.10277777777777777
1 0.5 0.4527777777777778 0.06875 0.058333333333333334
0 0.1796875 0.26666666666666666 0.025 0.08611111111111111
0 0.53125 0.2777777777777778 0.0125 0.06944444444444445
2 0.559375 0.38333333333333336 0.0171875 0.075
2 0.5828125 0.37222222222222223 0.0046875 0.011111111111111112
2 0.571875 0.375 0.003125 0.005555555555555556
2 0.5671875 0.37222222222222223 0.003125 0.008333333333333333
2 0.6046875 0.36944444444444446 0.003125 0.005555555555555556
2 0.63125 0.37777777777777777 0.00625 0.005555555555555556
2 0.64375 0.375 0.0046875 0.008333333333333333
2 0.690625 0.3861111111111111 0.0046875 0.008333333333333333
2 0.721875 0.39166666666666666 0.003125 0.008333333333333333