2 0.39375 0.25555555555555554 0.0078125 0.011111111111111112
2 0.5671875 0.36944444444444446 0.003125 0.002777777777777778
2 0.58125 0.37222222222222223 0.00625 0.008333333333333333
2 0.5703125 0.37222222222222223 0.00625 0.008333333333333333
2 0.6046875 0.37222222222222223 0.0046875 0.005555555555555556
2 0.63125 0.375 0.00625 0.008333333333333333
2 0.64375 0.375 0.00625 0.011111111111111112
2 0.690625 0.3861111111111111 0.00625 0.011111111111111112
2 0.721875 0.39166666666666666 0.00625 0.005555555555555556
0 0.2125 0.46111111111111114 0.1140625 0.375
0 0.475 0.275 0.0234375 0.06111111111111111