0 0.1796875 0.26666666666666666 0.025 0.08333333333333333
0 0.1546875 0.2722222222222222 0.0265625 0.08888888888888889
0 0.45 0.26944444444444443 0.0171875 0.06111111111111111
2 0.721875 0.39166666666666666 0.0078125 0.013888888888888888
2 0.690625 0.3888888888888889 0.0046875 0.011111111111111112
2 0.6421875 0.375 0.003125 0.005555555555555556
2 0.63125 0.375 0.003125 0.008333333333333333
2 0.6046875 0.36944444444444446 0.003125 0.008333333333333333
2 0.5828125 0.37222222222222223 0.003125 0.011111111111111112
2 0.5703125 0.37222222222222223 0.0015625 0.008333333333333333
2 0.565625 0.37222222222222223 0.0046875 0.011111111111111112
2 0.553125 0.36666666666666664 0.003125 0.011111111111111112