0 0.7296875 0.5666666666666667 0.1640625 0.4583333333333333
0 0.18125 0.26666666666666666 0.025 0.08611111111111111
0 0.1421875 0.2777777777777778 0.0296875 0.10833333333333334
0 0.1546875 0.275 0.0265625 0.09444444444444444
2 0.7234375 0.39166666666666666 0.003125 0.005555555555555556
2 0.690625 0.3861111111111111 0.003125 0.005555555555555556
2 0.64375 0.375 0.003125 0.005555555555555556
2 0.63125 0.375 0.003125 0.005555555555555556
2 0.6046875 0.36944444444444446 0.003125 0.005555555555555556
2 0.58125 0.37222222222222223 0.0015625 0.002777777777777778
2 0.5703125 0.37222222222222223 0.003125 0.005555555555555556
2 0.565625 0.37222222222222223 0.0046875 0.005555555555555556
2 0.578125 0.2916666666666667 0.0015625 0.002777777777777778
0 0.5578125 0.2861111111111111 0.015625 0.058333333333333334