0 0.684375 0.4527777777777778 0.0796875 0.29444444444444445
0 0.1796875 0.26666666666666666 0.025 0.08055555555555556
0 0.15625 0.2722222222222222 0.025 0.08611111111111111
0 0.1421875 0.2777777777777778 0.028125 0.10833333333333334
0 0.471875 0.2777777777777778 0.015625 0.075
0 0.16875 0.26944444444444443 0.046875 0.08333333333333333
1 0.715625 0.4861111111111111 0.04375 0.06111111111111111
2 0.7234375 0.39166666666666666 0.0046875 0.011111111111111112
2 0.64375 0.37222222222222223 0.0046875 0.011111111111111112
2 0.63125 0.37777777777777777 0.003125 0.005555555555555556
2 0.6046875 0.36944444444444446 0.0015625 0.008333333333333333
2 0.58125 0.37222222222222223 0.003125 0.005555555555555556
2 0.5703125 0.375 0.003125 0.005555555555555556
2 0.5671875 0.36944444444444446 0.003125 0.008333333333333333