0 0.3 0.4888888888888889 0.1296875 0.4083333333333333
0 0.18125 0.26666666666666666 0.0265625 0.08611111111111111
0 0.15625 0.275 0.025 0.09166666666666666
0 0.140625 0.2777777777777778 0.0296875 0.10833333333333334
2 0.4265625 0.28888888888888886 0.003125 0.011111111111111112
2 0.58125 0.37222222222222223 0.0046875 0.008333333333333333
2 0.6328125 0.375 0.003125 0.008333333333333333
2 0.64375 0.375 0.009375 0.005555555555555556
2 0.690625 0.3861111111111111 0.003125 0.005555555555555556
2 0.721875 0.39166666666666666 0.003125 0.008333333333333333
2 0.5703125 0.37222222222222223 0.003125 0.005555555555555556
2 0.6046875 0.36944444444444446 0.003125 0.011111111111111112
2 0.5671875 0.36944444444444446 0.0046875 0.011111111111111112
2 0.45 0.275 0.0203125 0.058333333333333334