2 0.390625 0.25277777777777777 0.0078125 0.011111111111111112
2 0.5671875 0.37222222222222223 0.0046875 0.008333333333333333
2 0.5828125 0.37222222222222223 0.0046875 0.008333333333333333
2 0.5703125 0.375 0.0046875 0.008333333333333333
2 0.60625 0.37222222222222223 0.00625 0.008333333333333333
2 0.63125 0.375 0.0046875 0.008333333333333333
2 0.64375 0.375 0.00625 0.008333333333333333
2 0.690625 0.3861111111111111 0.00625 0.008333333333333333
2 0.7234375 0.3888888888888889 0.00625 0.008333333333333333
0 0.20625 0.46111111111111114 0.1109375 0.3888888888888889
0 0.4765625 0.275 0.025 0.058333333333333334