0 0.3359375 0.49444444444444446 0.13125 0.42777777777777776
0 0.18125 0.2638888888888889 0.0265625 0.08888888888888889
0 0.1421875 0.2777777777777778 0.03125 0.10833333333333334
0 0.1546875 0.275 0.028125 0.09444444444444444
2 0.4296875 0.2722222222222222 0.0046875 0.005555555555555556
2 0.58125 0.37222222222222223 0.003125 0.005555555555555556
2 0.5671875 0.37222222222222223 0.0046875 0.005555555555555556
2 0.571875 0.375 0.00625 0.008333333333333333
2 0.6046875 0.37222222222222223 0.00625 0.011111111111111112
2 0.6328125 0.375 0.0046875 0.005555555555555556
2 0.6453125 0.375 0.0046875 0.005555555555555556
2 0.6921875 0.3861111111111111 0.00625 0.008333333333333333
2 0.721875 0.39166666666666666 0.00625 0.011111111111111112
0 0.45 0.2722222222222222 0.0125 0.05555555555555555