2 0.3234375 0.28888888888888886 0.0171875 0.030555555555555555
2 0.5671875 0.36944444444444446 0.003125 0.008333333333333333
2 0.55 0.3638888888888889 0.0078125 0.008333333333333333
2 0.5734375 0.375 0.0046875 0.008333333333333333
2 0.5828125 0.36944444444444446 0.003125 0.011111111111111112
2 0.6328125 0.37777777777777777 0.0046875 0.011111111111111112
2 0.64375 0.375 0.0078125 0.008333333333333333
2 0.6921875 0.3861111111111111 0.00625 0.011111111111111112
2 0.721875 0.39166666666666666 0.00625 0.011111111111111112
0 0.20625 0.44166666666666665 0.096875 0.4111111111111111
0 0.4859375 0.2722222222222222 0.0140625 0.06388888888888888