0 0.29375 0.4861111111111111 0.13125 0.4166666666666667
0 0.18125 0.26666666666666666 0.0265625 0.08611111111111111
0 0.140625 0.2777777777777778 0.0296875 0.10833333333333334
0 0.15625 0.275 0.025 0.09166666666666666
0 0.4515625 0.2722222222222222 0.021875 0.06388888888888888
2 0.58125 0.37222222222222223 0.00625 0.011111111111111112
2 0.6046875 0.37222222222222223 0.003125 0.008333333333333333
2 0.63125 0.37777777777777777 0.003125 0.011111111111111112
2 0.64375 0.375 0.0078125 0.011111111111111112
2 0.6921875 0.3861111111111111 0.003125 0.008333333333333333
2 0.721875 0.39166666666666666 0.0046875 0.008333333333333333
2 0.5703125 0.37222222222222223 0.003125 0.005555555555555556
2 0.5671875 0.37222222222222223 0.00625 0.008333333333333333
2 0.4265625 0.2916666666666667 0.003125 0.011111111111111112