0 0.3359375 0.5805555555555556 0.11875 0.5777777777777777
0 0.1375 0.2777777777777778 0.0296875 0.1111111111111111
0 0.1796875 0.2638888888888889 0.025 0.08333333333333333
0 0.1546875 0.275 0.028125 0.09166666666666666
0 0.165625 0.26944444444444443 0.046875 0.08888888888888889
2 0.5421875 0.15555555555555556 0.0046875 0.011111111111111112
2 0.58125 0.37222222222222223 0.0046875 0.005555555555555556
2 0.5703125 0.375 0.0046875 0.005555555555555556
2 0.5671875 0.36944444444444446 0.003125 0.005555555555555556
2 0.6046875 0.37222222222222223 0.003125 0.005555555555555556
2 0.63125 0.375 0.0046875 0.008333333333333333
2 0.64375 0.375 0.003125 0.005555555555555556
2 0.6921875 0.3861111111111111 0.003125 0.005555555555555556
2 0.7234375 0.39444444444444443 0.0046875 0.005555555555555556
0 0.540625 0.2833333333333333 0.01875 0.06111111111111111