0 0.2375 0.5 0.109375 0.45
0 0.1359375 0.2777777777777778 0.0296875 0.11388888888888889
0 0.1796875 0.26666666666666666 0.025 0.08055555555555556
0 0.1578125 0.275 0.0265625 0.10277777777777777
2 0.478125 0.26944444444444443 0.0078125 0.011111111111111112
2 0.5828125 0.37222222222222223 0.003125 0.005555555555555556
2 0.5703125 0.37222222222222223 0.003125 0.005555555555555556
2 0.5671875 0.37222222222222223 0.0046875 0.008333333333333333
2 0.6046875 0.36944444444444446 0.0046875 0.008333333333333333
2 0.63125 0.375 0.0046875 0.008333333333333333
2 0.64375 0.375 0.0046875 0.008333333333333333
2 0.690625 0.3861111111111111 0.0046875 0.005555555555555556
2 0.721875 0.39166666666666666 0.0046875 0.008333333333333333
0 0.528125 0.2833333333333333 0.0140625 0.06944444444444445