0 0.5828125 0.5583333333333333 0.1125 0.41944444444444445
0 0.1359375 0.2777777777777778 0.03125 0.10833333333333334
0 0.15625 0.2777777777777778 0.0265625 0.10555555555555556
0 0.5078125 0.2777777777777778 0.0171875 0.05555555555555555
0 0.1796875 0.26666666666666666 0.025 0.08055555555555556
2 0.49375 0.3194444444444444 0.0078125 0.025
2 0.63125 0.37777777777777777 0.0046875 0.008333333333333333
2 0.64375 0.375 0.003125 0.005555555555555556
2 0.6046875 0.37222222222222223 0.0046875 0.008333333333333333
2 0.565625 0.36944444444444446 0.0046875 0.011111111111111112
2 0.6921875 0.3861111111111111 0.0046875 0.008333333333333333
2 0.721875 0.39166666666666666 0.00625 0.008333333333333333