0 0.3375 0.5166666666666667 0.1625 0.4361111111111111
0 0.1375 0.2777777777777778 0.03125 0.1111111111111111
0 0.484375 0.28055555555555556 0.015625 0.05277777777777778
0 0.165625 0.2777777777777778 0.0390625 0.10833333333333334
2 0.5828125 0.37222222222222223 0.0046875 0.008333333333333333
2 0.60625 0.37222222222222223 0.00625 0.005555555555555556
2 0.63125 0.37777777777777777 0.0046875 0.002777777777777778
2 0.64375 0.375 0.0046875 0.005555555555555556
2 0.5703125 0.37222222222222223 0.003125 0.005555555555555556
2 0.565625 0.36944444444444446 0.003125 0.008333333333333333
2 0.6921875 0.3861111111111111 0.0046875 0.008333333333333333