0 0.478125 0.5166666666666667 0.134375 0.45
0 0.1359375 0.2777777777777778 0.03125 0.1111111111111111
0 0.1546875 0.275 0.0234375 0.08333333333333333
0 0.165625 0.2722222222222222 0.034375 0.09444444444444444
2 0.4734375 0.24166666666666667 0.0046875 0.005555555555555556
2 0.5828125 0.37222222222222223 0.003125 0.005555555555555556
2 0.571875 0.375 0.0046875 0.008333333333333333
2 0.5671875 0.36944444444444446 0.0046875 0.011111111111111112
2 0.60625 0.36944444444444446 0.003125 0.005555555555555556
2 0.63125 0.375 0.0046875 0.005555555555555556
2 0.64375 0.375 0.0046875 0.008333333333333333
2 0.6921875 0.3861111111111111 0.00625 0.011111111111111112
2 0.7234375 0.39166666666666666 0.0046875 0.005555555555555556
0 0.4953125 0.2722222222222222 0.0203125 0.05555555555555555