0 0.3625 0.48055555555555557 0.1109375 0.42777777777777776
0 0.18125 0.2638888888888889 0.0265625 0.08611111111111111
0 0.140625 0.2777777777777778 0.0296875 0.10833333333333334
0 0.15625 0.275 0.0265625 0.09444444444444444
0 0.4515625 0.275 0.0171875 0.03888888888888889
2 0.43125 0.2722222222222222 0.003125 0.005555555555555556
2 0.5828125 0.36944444444444446 0.003125 0.008333333333333333
2 0.5671875 0.37222222222222223 0.003125 0.005555555555555556
2 0.571875 0.375 0.003125 0.008333333333333333
2 0.6046875 0.36944444444444446 0.0046875 0.005555555555555556
2 0.6328125 0.375 0.00625 0.011111111111111112
2 0.6453125 0.375 0.00625 0.005555555555555556
2 0.690625 0.3861111111111111 0.003125 0.005555555555555556
2 0.7234375 0.39166666666666666 0.0046875 0.005555555555555556