0 0.6984375 0.4527777777777778 0.084375 0.2916666666666667
0 0.1796875 0.26666666666666666 0.025 0.08333333333333333
0 0.140625 0.2777777777777778 0.0265625 0.10833333333333334
0 0.15625 0.2722222222222222 0.0265625 0.08611111111111111
0 0.4609375 0.2861111111111111 0.01875 0.06388888888888888
1 0.7421875 0.4638888888888889 0.0359375 0.06111111111111111
0 0.16875 0.26944444444444443 0.0484375 0.08611111111111111
2 0.5828125 0.36944444444444446 0.0046875 0.005555555555555556
2 0.60625 0.37222222222222223 0.0046875 0.005555555555555556
2 0.6328125 0.375 0.0046875 0.005555555555555556
2 0.6453125 0.375 0.003125 0.005555555555555556
2 0.571875 0.37222222222222223 0.003125 0.008333333333333333