0 0.1578125 0.275 0.028125 0.1
0 0.1828125 0.26666666666666666 0.028125 0.08333333333333333
2 0.5828125 0.37222222222222223 0.003125 0.008333333333333333
2 0.5671875 0.36944444444444446 0.003125 0.008333333333333333
2 0.571875 0.375 0.0046875 0.011111111111111112
2 0.6046875 0.37222222222222223 0.0046875 0.008333333333333333
2 0.63125 0.37777777777777777 0.0046875 0.005555555555555556
2 0.6453125 0.375 0.0078125 0.008333333333333333
2 0.690625 0.3861111111111111 0.0046875 0.005555555555555556
2 0.721875 0.39166666666666666 0.00625 0.005555555555555556
2 0.459375 0.26666666666666666 0.0015625 0.005555555555555556