0 0.1578125 0.275 0.0265625 0.10277777777777777
0 0.1796875 0.26666666666666666 0.0265625 0.08333333333333333
2 0.721875 0.3888888888888889 0.0046875 0.008333333333333333
2 0.6890625 0.3888888888888889 0.00625 0.008333333333333333
2 0.64375 0.375 0.0046875 0.008333333333333333
2 0.63125 0.375 0.0046875 0.008333333333333333
2 0.6046875 0.36944444444444446 0.0046875 0.011111111111111112
2 0.58125 0.36944444444444446 0.0046875 0.005555555555555556
2 0.565625 0.36944444444444446 0.0046875 0.008333333333333333
2 0.571875 0.375 0.0046875 0.011111111111111112
0 0.4515625 0.26944444444444443 0.015625 0.06111111111111111