0 0.684375 0.5416666666666666 0.103125 0.49166666666666664
0 0.18125 0.26666666666666666 0.0265625 0.08611111111111111
0 0.1421875 0.2777777777777778 0.028125 0.1111111111111111
0 0.153125 0.2777777777777778 0.0328125 0.10833333333333334
0 0.5609375 0.2861111111111111 0.0140625 0.06111111111111111
2 0.575 0.2833333333333333 0.003125 0.005555555555555556
2 0.58125 0.37222222222222223 0.003125 0.005555555555555556
2 0.5703125 0.37222222222222223 0.003125 0.005555555555555556
2 0.5671875 0.37222222222222223 0.003125 0.005555555555555556
2 0.6046875 0.36944444444444446 0.003125 0.005555555555555556
2 0.63125 0.375 0.0015625 0.002777777777777778