0 0.3125 0.5027777777777778 0.1375 0.41944444444444445
0 0.18125 0.26666666666666666 0.025 0.08888888888888889
0 0.15625 0.275 0.028125 0.09166666666666666
2 0.4296875 0.275 0.0046875 0.008333333333333333
2 0.5828125 0.36944444444444446 0.003125 0.011111111111111112
2 0.565625 0.36944444444444446 0.003125 0.008333333333333333
2 0.571875 0.375 0.003125 0.008333333333333333
2 0.6046875 0.37222222222222223 0.0046875 0.005555555555555556
2 0.63125 0.375 0.0046875 0.008333333333333333
2 0.6453125 0.375 0.003125 0.005555555555555556
2 0.690625 0.3861111111111111 0.0046875 0.008333333333333333
2 0.721875 0.39166666666666666 0.00625 0.008333333333333333
0 0.4515625 0.2722222222222222 0.0140625 0.05555555555555555