0 0.3953125 0.5055555555555555 0.125 0.48055555555555557
0 0.1359375 0.2777777777777778 0.03125 0.10833333333333334
0 0.165625 0.28055555555555556 0.0359375 0.1
0 0.4875 0.2777777777777778 0.015625 0.04722222222222222
2 0.4671875 0.2861111111111111 0.0046875 0.008333333333333333
2 0.5671875 0.37222222222222223 0.003125 0.011111111111111112
2 0.58125 0.37222222222222223 0.003125 0.008333333333333333
2 0.5703125 0.37222222222222223 0.003125 0.005555555555555556
2 0.6046875 0.36944444444444446 0.0046875 0.008333333333333333
2 0.63125 0.37777777777777777 0.0046875 0.005555555555555556
2 0.64375 0.375 0.0046875 0.008333333333333333
2 0.6921875 0.3861111111111111 0.003125 0.005555555555555556
2 0.7234375 0.39166666666666666 0.003125 0.005555555555555556