2 0.44375 0.31666666666666665 0.0078125 0.016666666666666666
2 0.5671875 0.37222222222222223 0.0046875 0.013888888888888888
2 0.58125 0.37222222222222223 0.003125 0.008333333333333333
2 0.6046875 0.37222222222222223 0.0015625 0.008333333333333333
2 0.63125 0.375 0.0046875 0.013888888888888888
2 0.64375 0.375 0.0046875 0.005555555555555556
2 0.721875 0.39166666666666666 0.0046875 0.008333333333333333
2 0.690625 0.3861111111111111 0.0046875 0.008333333333333333
2 0.5703125 0.37222222222222223 0.003125 0.008333333333333333
0 0.5203125 0.2833333333333333 0.015625 0.06666666666666667
0 0.225 0.5055555555555555 0.0921875 0.4027777777777778