0 0.2859375 0.575 0.146875 0.5388888888888889
0 0.1375 0.2777777777777778 0.03125 0.1111111111111111
0 0.1796875 0.26666666666666666 0.0265625 0.08055555555555556
0 0.1546875 0.275 0.0265625 0.09166666666666666
0 0.5421875 0.2861111111111111 0.015625 0.058333333333333334
0 0.165625 0.26944444444444443 0.0453125 0.08888888888888889
2 0.5421875 0.15555555555555556 0.0046875 0.008333333333333333
2 0.5828125 0.37222222222222223 0.003125 0.005555555555555556
2 0.5671875 0.37222222222222223 0.003125 0.005555555555555556
2 0.5703125 0.375 0.003125 0.008333333333333333
2 0.60625 0.36944444444444446 0.00625 0.008333333333333333
2 0.6328125 0.375 0.00625 0.008333333333333333
2 0.6453125 0.375 0.00625 0.011111111111111112
2 0.69375 0.3861111111111111 0.0046875 0.008333333333333333
2 0.721875 0.39166666666666666 0.0046875 0.008333333333333333