0 0.13125 0.4861111111111111 0.1375 0.3861111111111111
0 0.1796875 0.26666666666666666 0.025 0.08611111111111111
0 0.15625 0.2722222222222222 0.021875 0.08055555555555556
2 0.58125 0.37222222222222223 0.003125 0.005555555555555556
2 0.5703125 0.37222222222222223 0.003125 0.005555555555555556
2 0.5671875 0.37222222222222223 0.003125 0.005555555555555556
2 0.6046875 0.36944444444444446 0.003125 0.005555555555555556
2 0.63125 0.37777777777777777 0.003125 0.002777777777777778
2 0.64375 0.375 0.003125 0.005555555555555556
2 0.690625 0.3861111111111111 0.0015625 0.005555555555555556
2 0.7234375 0.39166666666666666 0.003125 0.005555555555555556
0 0.525 0.2777777777777778 0.0203125 0.06111111111111111