0 0.309375 0.5694444444444444 0.1625 0.525
0 0.1359375 0.2777777777777778 0.03125 0.1111111111111111
0 0.1546875 0.2777777777777778 0.0265625 0.09444444444444444
0 0.1796875 0.26666666666666666 0.025 0.08333333333333333
0 0.540625 0.2833333333333333 0.01875 0.06944444444444445
2 0.5421875 0.1527777777777778 0.003125 0.008333333333333333
2 0.5671875 0.37222222222222223 0.0046875 0.005555555555555556
2 0.571875 0.375 0.003125 0.008333333333333333
2 0.584375 0.37222222222222223 0.0046875 0.005555555555555556
2 0.60625 0.36944444444444446 0.0046875 0.005555555555555556
2 0.63125 0.37777777777777777 0.0046875 0.005555555555555556
2 0.64375 0.375 0.00625 0.008333333333333333
2 0.6921875 0.3861111111111111 0.003125 0.005555555555555556
2 0.7234375 0.39166666666666666 0.003125 0.005555555555555556