0 0.928125 0.5916666666666667 0.14375 0.4444444444444444
0 0.1796875 0.26666666666666666 0.025 0.08333333333333333
0 0.1421875 0.2777777777777778 0.028125 0.10833333333333334
0 0.15625 0.2722222222222222 0.025 0.08888888888888889
2 0.6375 0.275 0.009375 0.008333333333333333
2 0.58125 0.37222222222222223 0.0046875 0.008333333333333333
2 0.5671875 0.36944444444444446 0.0046875 0.008333333333333333
2 0.571875 0.37222222222222223 0.00625 0.008333333333333333
2 0.6046875 0.37222222222222223 0.0046875 0.008333333333333333
2 0.63125 0.37777777777777777 0.0046875 0.008333333333333333
2 0.6453125 0.375 0.00625 0.008333333333333333
2 0.6921875 0.3861111111111111 0.00625 0.008333333333333333
2 0.721875 0.39166666666666666 0.0046875 0.008333333333333333
0 0.528125 0.28055555555555556 0.0234375 0.058333333333333334