0 0.25625 0.4583333333333333 0.125 0.42777777777777776
0 0.18125 0.26666666666666666 0.028125 0.08333333333333333
0 0.15625 0.275 0.025 0.09166666666666666
0 0.140625 0.2777777777777778 0.028125 0.10833333333333334
2 0.5828125 0.36944444444444446 0.0046875 0.005555555555555556
2 0.6046875 0.36944444444444446 0.0046875 0.005555555555555556
2 0.6328125 0.37777777777777777 0.0046875 0.005555555555555556
2 0.6453125 0.375 0.0046875 0.008333333333333333
2 0.6921875 0.3861111111111111 0.00625 0.005555555555555556
2 0.7234375 0.39166666666666666 0.0046875 0.008333333333333333
2 0.5671875 0.37222222222222223 0.003125 0.008333333333333333
2 0.571875 0.375 0.003125 0.008333333333333333
0 0.4578125 0.26666666666666666 0.015625 0.06944444444444445