2 0.2359375 0.4166666666666667 0.009375 0.019444444444444445
2 0.5671875 0.37222222222222223 0.0046875 0.011111111111111112
2 0.5828125 0.37222222222222223 0.00625 0.008333333333333333
2 0.571875 0.375 0.00625 0.016666666666666666
2 0.6046875 0.37222222222222223 0.00625 0.008333333333333333
2 0.63125 0.375 0.00625 0.013888888888888888
2 0.6453125 0.375 0.00625 0.011111111111111112
2 0.690625 0.3861111111111111 0.00625 0.011111111111111112
2 0.7234375 0.39166666666666666 0.00625 0.011111111111111112
2 0.553125 0.3638888888888889 0.0078125 0.008333333333333333
0 0.20625 0.49444444444444446 0.075 0.4
0 0.4953125 0.275 0.0203125 0.058333333333333334