0 0.496875 0.5583333333333333 0.165625 0.4305555555555556
0 0.1359375 0.2777777777777778 0.0296875 0.10833333333333334
0 0.15625 0.2777777777777778 0.028125 0.10277777777777777
0 0.178125 0.2638888888888889 0.0234375 0.08333333333333333
2 0.63125 0.375 0.003125 0.005555555555555556
2 0.64375 0.375 0.0046875 0.002777777777777778
2 0.690625 0.3861111111111111 0.0046875 0.008333333333333333
2 0.7234375 0.39166666666666666 0.0046875 0.008333333333333333
2 0.60625 0.36944444444444446 0.003125 0.005555555555555556
2 0.5828125 0.37222222222222223 0.0046875 0.008333333333333333
2 0.5703125 0.37222222222222223 0.003125 0.005555555555555556
2 0.5671875 0.37222222222222223 0.003125 0.005555555555555556
0 0.521875 0.2777777777777778 0.01875 0.058333333333333334