2 0.29375 0.3194444444444444 0.0234375 0.027777777777777776
2 0.5515625 0.36666666666666664 0.0046875 0.008333333333333333
2 0.5671875 0.36944444444444446 0.003125 0.005555555555555556
2 0.5828125 0.37222222222222223 0.00625 0.013888888888888888
2 0.571875 0.37222222222222223 0.003125 0.005555555555555556
2 0.60625 0.37222222222222223 0.003125 0.005555555555555556
2 0.63125 0.37777777777777777 0.00625 0.008333333333333333
2 0.6453125 0.375 0.0046875 0.008333333333333333
2 0.690625 0.3861111111111111 0.0046875 0.005555555555555556
2 0.7234375 0.39166666666666666 0.0046875 0.008333333333333333
0 0.4890625 0.275 0.0125 0.06388888888888888
0 0.2078125 0.4583333333333333 0.1046875 0.375