0 0.728125 0.4444444444444444 0.090625 0.28888888888888886
0 0.1796875 0.26666666666666666 0.0265625 0.08333333333333333
0 0.15625 0.2722222222222222 0.0234375 0.08333333333333333
0 0.1421875 0.2777777777777778 0.028125 0.10833333333333334
0 0.453125 0.28888888888888886 0.0171875 0.05277777777777778
2 0.58125 0.36944444444444446 0.003125 0.008333333333333333
2 0.571875 0.37222222222222223 0.0046875 0.005555555555555556
2 0.5671875 0.37222222222222223 0.0046875 0.008333333333333333
2 0.60625 0.37222222222222223 0.0046875 0.005555555555555556
2 0.6328125 0.37777777777777777 0.003125 0.008333333333333333
2 0.6453125 0.375 0.0046875 0.005555555555555556