2 0.4125 0.28055555555555556 0.00625 0.008333333333333333
2 0.64375 0.375 0.0046875 0.008333333333333333
2 0.63125 0.375 0.0046875 0.011111111111111112
2 0.6046875 0.36944444444444446 0.0046875 0.008333333333333333
2 0.5828125 0.37222222222222223 0.0046875 0.005555555555555556
2 0.5671875 0.36944444444444446 0.0046875 0.005555555555555556
2 0.5703125 0.375 0.0046875 0.008333333333333333
2 0.690625 0.3861111111111111 0.0046875 0.011111111111111112
2 0.7234375 0.39166666666666666 0.0078125 0.008333333333333333
0 0.221875 0.4638888888888889 0.1 0.41944444444444445
0 0.4640625 0.2722222222222222 0.015625 0.06111111111111111