0 0.24375 0.49166666666666664 0.10625 0.44722222222222224
0 0.1359375 0.2777777777777778 0.0296875 0.11388888888888889
0 0.15625 0.275 0.0265625 0.10555555555555556
0 0.1796875 0.26666666666666666 0.025 0.08611111111111111
2 0.4875 0.2638888888888889 0.0078125 0.008333333333333333
2 0.565625 0.36944444444444446 0.003125 0.008333333333333333
2 0.58125 0.37222222222222223 0.0046875 0.008333333333333333
2 0.571875 0.37222222222222223 0.003125 0.005555555555555556
2 0.6046875 0.36944444444444446 0.0046875 0.005555555555555556
2 0.63125 0.375 0.0046875 0.005555555555555556
2 0.64375 0.375 0.003125 0.005555555555555556
2 0.690625 0.3861111111111111 0.0046875 0.005555555555555556
2 0.7234375 0.39166666666666666 0.0015625 0.005555555555555556