0 0.7703125 0.44166666666666665 0.078125 0.28888888888888886
0 0.1796875 0.26666666666666666 0.025 0.08333333333333333
0 0.1546875 0.2777777777777778 0.0265625 0.1
0 0.14375 0.2777777777777778 0.028125 0.10833333333333334
1 0.7328125 0.45555555555555555 0.0375 0.04722222222222222
0 0.44375 0.2722222222222222 0.0140625 0.075
2 0.64375 0.375 0.003125 0.008333333333333333
2 0.63125 0.37777777777777777 0.00625 0.005555555555555556
2 0.6046875 0.37222222222222223 0.003125 0.005555555555555556
2 0.58125 0.37222222222222223 0.0015625 0.008333333333333333
2 0.5703125 0.375 0.0015625 0.005555555555555556
2 0.5671875 0.36944444444444446 0.0046875 0.005555555555555556
2 0.690625 0.3861111111111111 0.003125 0.008333333333333333
2 0.721875 0.39166666666666666 0.0046875 0.008333333333333333