0 0.3078125 0.525 0.1390625 0.49166666666666664
0 0.1796875 0.26666666666666666 0.0265625 0.08333333333333333
0 0.1359375 0.2777777777777778 0.0296875 0.10833333333333334
0 0.1546875 0.275 0.0265625 0.09166666666666666
2 0.5453125 0.23333333333333334 0.003125 0.005555555555555556
2 0.58125 0.37222222222222223 0.0046875 0.005555555555555556
2 0.571875 0.37222222222222223 0.003125 0.002777777777777778
2 0.5671875 0.36944444444444446 0.0046875 0.008333333333333333
2 0.6046875 0.36944444444444446 0.0046875 0.005555555555555556
2 0.63125 0.375 0.0046875 0.005555555555555556
2 0.64375 0.375 0.0078125 0.005555555555555556
2 0.6921875 0.3861111111111111 0.0046875 0.005555555555555556
2 0.7234375 0.39166666666666666 0.003125 0.002777777777777778
2 0.54375 0.2861111111111111 0.0171875 0.058333333333333334