0 0.503125 0.5166666666666667 0.10625 0.4166666666666667
0 0.1359375 0.2777777777777778 0.03125 0.1111111111111111
0 0.1546875 0.2722222222222222 0.0265625 0.08333333333333333
0 0.4953125 0.28055555555555556 0.01875 0.06666666666666667
0 0.1765625 0.26666666666666666 0.0234375 0.075
2 0.4765625 0.22777777777777777 0.0046875 0.008333333333333333
2 0.565625 0.36944444444444446 0.0046875 0.008333333333333333
2 0.58125 0.37222222222222223 0.0046875 0.008333333333333333
2 0.5703125 0.37222222222222223 0.003125 0.008333333333333333
2 0.6046875 0.36944444444444446 0.0046875 0.005555555555555556
2 0.63125 0.375 0.0046875 0.008333333333333333
2 0.64375 0.37222222222222223 0.003125 0.005555555555555556
2 0.6921875 0.3861111111111111 0.003125 0.005555555555555556