0 0.5203125 0.5222222222222223 0.1015625 0.4027777777777778
0 0.1359375 0.2777777777777778 0.0296875 0.1111111111111111
0 0.15625 0.2722222222222222 0.025 0.08333333333333333
0 0.4953125 0.275 0.01875 0.06944444444444445
2 0.478125 0.225 0.0046875 0.008333333333333333
2 0.565625 0.37222222222222223 0.0046875 0.011111111111111112
2 0.5703125 0.375 0.003125 0.011111111111111112
2 0.58125 0.37222222222222223 0.003125 0.005555555555555556
2 0.63125 0.37777777777777777 0.0015625 0.008333333333333333
2 0.6046875 0.37222222222222223 0.0046875 0.005555555555555556
2 0.64375 0.375 0.003125 0.011111111111111112
2 0.690625 0.3861111111111111 0.003125 0.005555555555555556
2 0.721875 0.39166666666666666 0.003125 0.008333333333333333