0 0.259375 0.4666666666666667 0.1109375 0.44166666666666665
0 0.18125 0.26666666666666666 0.0265625 0.08055555555555556
0 0.15625 0.275 0.025 0.08888888888888889
0 0.140625 0.2777777777777778 0.0296875 0.10555555555555556
2 0.58125 0.37222222222222223 0.0046875 0.005555555555555556
2 0.6046875 0.37222222222222223 0.0046875 0.008333333333333333
2 0.63125 0.375 0.0046875 0.005555555555555556
2 0.64375 0.375 0.0046875 0.008333333333333333
2 0.6921875 0.3861111111111111 0.0078125 0.008333333333333333
2 0.7234375 0.39166666666666666 0.0046875 0.005555555555555556
2 0.5703125 0.375 0.00625 0.008333333333333333
2 0.5671875 0.37222222222222223 0.00625 0.005555555555555556
0 0.4546875 0.26944444444444443 0.015625 0.06944444444444445