0 0.4796875 0.5166666666666667 0.128125 0.4388888888888889
0 0.1359375 0.2777777777777778 0.03125 0.1111111111111111
0 0.1546875 0.2722222222222222 0.0234375 0.08333333333333333
0 0.165625 0.275 0.034375 0.09444444444444444
0 0.4953125 0.2722222222222222 0.0203125 0.06388888888888888
2 0.4734375 0.2361111111111111 0.0046875 0.008333333333333333
2 0.58125 0.37222222222222223 0.003125 0.008333333333333333
2 0.5703125 0.375 0.00625 0.005555555555555556
2 0.5671875 0.36944444444444446 0.0046875 0.008333333333333333
2 0.6046875 0.36944444444444446 0.0046875 0.008333333333333333
2 0.63125 0.37777777777777777 0.003125 0.008333333333333333
2 0.6453125 0.375 0.003125 0.008333333333333333
2 0.7234375 0.3888888888888889 0.00625 0.005555555555555556