0 0.1796875 0.26666666666666666 0.025 0.08055555555555556
0 0.70625 0.4444444444444444 0.0703125 0.2777777777777778
0 0.15625 0.2722222222222222 0.0265625 0.08333333333333333
0 0.140625 0.2777777777777778 0.0265625 0.10833333333333334
0 0.459375 0.2861111111111111 0.015625 0.058333333333333334
1 0.74375 0.46111111111111114 0.0375 0.05
2 0.64375 0.375 0.0046875 0.008333333333333333
2 0.63125 0.375 0.0046875 0.008333333333333333
2 0.6046875 0.37222222222222223 0.003125 0.005555555555555556
2 0.5828125 0.37222222222222223 0.003125 0.005555555555555556
2 0.5703125 0.375 0.00625 0.005555555555555556
2 0.5671875 0.36944444444444446 0.003125 0.008333333333333333