0 0.5390625 0.5111111111111111 0.109375 0.35833333333333334
0 0.1359375 0.2777777777777778 0.0296875 0.10833333333333334
0 0.15625 0.275 0.028125 0.09166666666666666
0 0.1796875 0.26666666666666666 0.0265625 0.08055555555555556
0 0.4984375 0.2861111111111111 0.0171875 0.04722222222222222
2 0.48125 0.225 0.0046875 0.008333333333333333
2 0.58125 0.36944444444444446 0.0046875 0.011111111111111112
2 0.5703125 0.37222222222222223 0.003125 0.008333333333333333
2 0.6046875 0.36944444444444446 0.003125 0.005555555555555556
2 0.5671875 0.36944444444444446 0.0046875 0.008333333333333333
2 0.63125 0.375 0.00625 0.011111111111111112
2 0.64375 0.37222222222222223 0.003125 0.005555555555555556
2 0.690625 0.3861111111111111 0.00625 0.008333333333333333
2 0.721875 0.39166666666666666 0.00625 0.008333333333333333