0 0.1546875 0.26944444444444443 0.01875 0.07777777777777778
0 0.4640625 0.2777777777777778 0.0125 0.05277777777777778
2 0.4609375 0.28888888888888886 0.0046875 0.008333333333333333
2 0.58125 0.37222222222222223 0.0046875 0.008333333333333333
2 0.5703125 0.375 0.003125 0.005555555555555556
2 0.5671875 0.36944444444444446 0.003125 0.005555555555555556
2 0.6046875 0.37222222222222223 0.003125 0.005555555555555556
2 0.63125 0.37777777777777777 0.003125 0.005555555555555556
2 0.6453125 0.375 0.003125 0.005555555555555556
2 0.6921875 0.3861111111111111 0.003125 0.005555555555555556
2 0.721875 0.39166666666666666 0.0046875 0.005555555555555556