0 0.309375 0.5166666666666667 0.1265625 0.5027777777777778
0 0.1359375 0.2777777777777778 0.028125 0.10833333333333334
0 0.1796875 0.2638888888888889 0.025 0.08055555555555556
0 0.1546875 0.275 0.0265625 0.09444444444444444
0 0.5421875 0.2916666666666667 0.015625 0.05
2 0.5828125 0.37222222222222223 0.0046875 0.005555555555555556
2 0.571875 0.37222222222222223 0.003125 0.005555555555555556
2 0.5671875 0.37222222222222223 0.003125 0.005555555555555556
2 0.5484375 0.28888888888888886 0.003125 0.005555555555555556
2 0.60625 0.37222222222222223 0.0046875 0.008333333333333333
2 0.63125 0.37777777777777777 0.009375 0.005555555555555556
2 0.64375 0.375 0.003125 0.005555555555555556
2 0.690625 0.3861111111111111 0.003125 0.005555555555555556
2 0.721875 0.39166666666666666 0.0046875 0.005555555555555556