0 0.4578125 0.5111111111111111 0.10625 0.46944444444444444
0 0.1359375 0.2777777777777778 0.03125 0.1111111111111111
0 0.165625 0.2777777777777778 0.0359375 0.1
0 0.153125 0.275 0.0234375 0.08611111111111111
2 0.471875 0.25 0.0046875 0.008333333333333333
2 0.5828125 0.37222222222222223 0.0046875 0.008333333333333333
2 0.5703125 0.37222222222222223 0.003125 0.005555555555555556
2 0.5671875 0.36944444444444446 0.003125 0.011111111111111112
2 0.60625 0.36944444444444446 0.0046875 0.005555555555555556
2 0.63125 0.375 0.003125 0.005555555555555556
2 0.64375 0.375 0.00625 0.008333333333333333
2 0.6921875 0.3861111111111111 0.0046875 0.008333333333333333
2 0.7234375 0.3888888888888889 0.0046875 0.005555555555555556
0 0.49375 0.2722222222222222 0.021875 0.06666666666666667