0 0.525 0.5222222222222223 0.109375 0.3972222222222222
0 0.1359375 0.2777777777777778 0.03125 0.1111111111111111
0 0.1546875 0.275 0.025 0.08888888888888889
0 0.178125 0.26666666666666666 0.025 0.07777777777777778
0 0.165625 0.26944444444444443 0.0453125 0.08333333333333333
2 0.4796875 0.225 0.0046875 0.008333333333333333
2 0.5828125 0.37222222222222223 0.003125 0.008333333333333333
2 0.5703125 0.375 0.0046875 0.008333333333333333
2 0.5671875 0.37222222222222223 0.0046875 0.005555555555555556
2 0.6046875 0.37222222222222223 0.0046875 0.008333333333333333
2 0.63125 0.37777777777777777 0.00625 0.011111111111111112
2 0.6453125 0.375 0.0046875 0.008333333333333333
2 0.6921875 0.3861111111111111 0.003125 0.008333333333333333
2 0.721875 0.39166666666666666 0.003125 0.005555555555555556
0 0.496875 0.28055555555555556 0.0171875 0.058333333333333334