0 0.5453125 0.5166666666666667 0.1078125 0.35833333333333334
0 0.1359375 0.2777777777777778 0.03125 0.1111111111111111
0 0.15625 0.275 0.028125 0.09166666666666666
0 0.5 0.2861111111111111 0.0171875 0.05
0 0.1796875 0.26666666666666666 0.0265625 0.08333333333333333
2 0.48125 0.22777777777777777 0.003125 0.008333333333333333
2 0.58125 0.37222222222222223 0.0046875 0.008333333333333333
2 0.6046875 0.37222222222222223 0.0046875 0.008333333333333333
2 0.6328125 0.375 0.003125 0.005555555555555556
2 0.64375 0.375 0.0046875 0.008333333333333333
2 0.6921875 0.3861111111111111 0.00625 0.011111111111111112
2 0.721875 0.39166666666666666 0.003125 0.008333333333333333