0 0.715625 0.4444444444444444 0.078125 0.28055555555555556
0 0.1796875 0.26666666666666666 0.025 0.08055555555555556
0 0.15625 0.2722222222222222 0.025 0.08333333333333333
0 0.1421875 0.2777777777777778 0.028125 0.10833333333333334
0 0.459375 0.28055555555555556 0.0140625 0.06111111111111111
1 0.69375 0.45555555555555555 0.0328125 0.041666666666666664
2 0.58125 0.37222222222222223 0.0046875 0.005555555555555556
2 0.571875 0.375 0.0046875 0.008333333333333333
2 0.5671875 0.37222222222222223 0.003125 0.008333333333333333
2 0.6046875 0.37222222222222223 0.003125 0.008333333333333333
2 0.63125 0.375 0.00625 0.011111111111111112
2 0.64375 0.375 0.00625 0.008333333333333333
2 0.690625 0.38333333333333336 0.0046875 0.011111111111111112