0 0.709375 0.4388888888888889 0.0671875 0.28055555555555556
0 0.1796875 0.26666666666666666 0.025 0.08055555555555556
0 0.15625 0.2722222222222222 0.025 0.08611111111111111
0 0.1421875 0.2777777777777778 0.028125 0.10833333333333334
1 0.7390625 0.4638888888888889 0.053125 0.04722222222222222
0 0.459375 0.2833333333333333 0.0171875 0.06666666666666667
0 0.16875 0.26944444444444443 0.0453125 0.08333333333333333
2 0.64375 0.375 0.003125 0.008333333333333333
2 0.6296875 0.37777777777777777 0.003125 0.008333333333333333
2 0.6046875 0.37222222222222223 0.003125 0.008333333333333333
2 0.5828125 0.37222222222222223 0.003125 0.005555555555555556
2 0.571875 0.375 0.0046875 0.005555555555555556
2 0.5671875 0.36944444444444446 0.0046875 0.008333333333333333
2 0.690625 0.3861111111111111 0.0015625 0.005555555555555556