2 0.721875 0.39166666666666666 0.00625 0.013888888888888888
2 0.690625 0.38333333333333336 0.0015625 0.008333333333333333
2 0.6453125 0.375 0.003125 0.011111111111111112
2 0.63125 0.375 0.003125 0.008333333333333333
2 0.6046875 0.36944444444444446 0.00625 0.005555555555555556
2 0.58125 0.36944444444444446 0.003125 0.008333333333333333
2 0.5671875 0.36944444444444446 0.0015625 0.005555555555555556
2 0.5703125 0.375 0.0046875 0.008333333333333333
2 0.553125 0.3638888888888889 0.0046875 0.008333333333333333
2 0.3359375 0.275 0.0140625 0.019444444444444445
0 0.2 0.43333333333333335 0.090625 0.41944444444444445
0 0.484375 0.2722222222222222 0.015625 0.06388888888888888