0 0.6890625 0.45 0.0875 0.2833333333333333
0 0.1796875 0.26666666666666666 0.025 0.08055555555555556
0 0.1546875 0.2722222222222222 0.025 0.08333333333333333
0 0.1421875 0.2777777777777778 0.0265625 0.10833333333333334
0 0.46875 0.2777777777777778 0.015625 0.07777777777777778
1 0.715625 0.4861111111111111 0.040625 0.06944444444444445
2 0.58125 0.36944444444444446 0.0046875 0.005555555555555556
2 0.60625 0.37222222222222223 0.0046875 0.008333333333333333
2 0.63125 0.375 0.003125 0.005555555555555556
2 0.64375 0.375 0.0046875 0.005555555555555556
2 0.5703125 0.375 0.003125 0.005555555555555556
2 0.5671875 0.36944444444444446 0.0015625 0.008333333333333333