2 0.2625 0.4 0.021875 0.025
2 0.5671875 0.36944444444444446 0.00625 0.005555555555555556
2 0.58125 0.37222222222222223 0.00625 0.008333333333333333
2 0.5703125 0.37222222222222223 0.00625 0.013888888888888888
2 0.6046875 0.36944444444444446 0.0046875 0.008333333333333333
2 0.63125 0.37777777777777777 0.0046875 0.008333333333333333
2 0.6453125 0.37222222222222223 0.00625 0.008333333333333333
2 0.690625 0.3861111111111111 0.00625 0.008333333333333333
2 0.721875 0.39166666666666666 0.00625 0.008333333333333333
2 0.553125 0.36666666666666664 0.00625 0.011111111111111112
0 0.4984375 0.2777777777777778 0.015625 0.06111111111111111
0 0.2 0.5027777777777778 0.0828125 0.4