0 0.7328125 0.4444444444444444 0.09375 0.2861111111111111
0 0.1796875 0.26666666666666666 0.025 0.08333333333333333
0 0.1421875 0.2777777777777778 0.028125 0.10833333333333334
0 0.15625 0.26944444444444443 0.0234375 0.07777777777777778
0 0.4484375 0.2861111111111111 0.015625 0.05555555555555555
1 0.7125 0.41944444444444445 0.0296875 0.044444444444444446
2 0.7234375 0.39166666666666666 0.0046875 0.008333333333333333
2 0.690625 0.3861111111111111 0.0046875 0.008333333333333333
2 0.64375 0.375 0.003125 0.005555555555555556
2 0.63125 0.375 0.0046875 0.005555555555555556
2 0.6046875 0.36944444444444446 0.003125 0.005555555555555556
2 0.5828125 0.37222222222222223 0.0046875 0.005555555555555556
2 0.571875 0.375 0.0015625 0.005555555555555556
2 0.5671875 0.37222222222222223 0.003125 0.005555555555555556