0 0.5125 0.5222222222222223 0.1046875 0.4083333333333333
0 0.1359375 0.2777777777777778 0.03125 0.1111111111111111
0 0.1546875 0.2722222222222222 0.0265625 0.08611111111111111
2 0.478125 0.22777777777777777 0.00625 0.011111111111111112
2 0.58125 0.37222222222222223 0.0046875 0.008333333333333333
2 0.5703125 0.37222222222222223 0.003125 0.008333333333333333
2 0.5671875 0.36944444444444446 0.0046875 0.011111111111111112
2 0.6046875 0.37222222222222223 0.003125 0.008333333333333333
2 0.63125 0.37777777777777777 0.00625 0.008333333333333333
2 0.6453125 0.375 0.0078125 0.008333333333333333
2 0.690625 0.3861111111111111 0.003125 0.005555555555555556
2 0.721875 0.39166666666666666 0.00625 0.008333333333333333
0 0.49375 0.275 0.015625 0.06666666666666667