0 0.31875 0.5277777777777778 0.115625 0.46944444444444444
0 0.1359375 0.2777777777777778 0.0296875 0.1111111111111111
0 0.1796875 0.2638888888888889 0.025 0.08333333333333333
0 0.1546875 0.275 0.0265625 0.09444444444444444
2 0.5484375 0.29444444444444445 0.0046875 0.005555555555555556
2 0.5671875 0.36944444444444446 0.0046875 0.011111111111111112
2 0.58125 0.37222222222222223 0.003125 0.005555555555555556
2 0.5703125 0.37222222222222223 0.003125 0.005555555555555556
2 0.6046875 0.37222222222222223 0.0046875 0.005555555555555556
2 0.63125 0.37777777777777777 0.0046875 0.005555555555555556
2 0.64375 0.375 0.0046875 0.005555555555555556
2 0.690625 0.3861111111111111 0.0046875 0.005555555555555556
2 0.7234375 0.39166666666666666 0.0046875 0.008333333333333333