0 0.771875 0.44166666666666665 0.08125 0.2916666666666667
0 0.1796875 0.26666666666666666 0.025 0.08333333333333333
0 0.15625 0.2722222222222222 0.0234375 0.08055555555555556
0 0.14375 0.2777777777777778 0.03125 0.10833333333333334
1 0.7390625 0.46111111111111114 0.0375 0.044444444444444446
0 0.44375 0.2861111111111111 0.0109375 0.03333333333333333
2 0.7234375 0.39166666666666666 0.0046875 0.008333333333333333
2 0.690625 0.3861111111111111 0.0046875 0.008333333333333333
2 0.64375 0.375 0.0046875 0.008333333333333333
2 0.63125 0.375 0.0046875 0.008333333333333333
2 0.6046875 0.37222222222222223 0.0046875 0.005555555555555556
2 0.58125 0.37222222222222223 0.00625 0.008333333333333333
2 0.5703125 0.37222222222222223 0.0046875 0.005555555555555556
2 0.5671875 0.37222222222222223 0.0046875 0.008333333333333333