0 0.7171875 0.4444444444444444 0.0796875 0.28055555555555556
0 0.1796875 0.26666666666666666 0.025 0.08333333333333333
0 0.15625 0.2722222222222222 0.025 0.08611111111111111
0 0.1421875 0.2777777777777778 0.028125 0.10833333333333334
0 0.4578125 0.2722222222222222 0.015625 0.05277777777777778
2 0.690625 0.3861111111111111 0.003125 0.011111111111111112
2 0.64375 0.375 0.003125 0.008333333333333333
2 0.63125 0.37777777777777777 0.003125 0.005555555555555556
2 0.60625 0.36944444444444446 0.003125 0.008333333333333333
2 0.58125 0.37222222222222223 0.0046875 0.005555555555555556
2 0.5703125 0.375 0.003125 0.008333333333333333
2 0.5671875 0.37222222222222223 0.0015625 0.005555555555555556