2 0.334375 0.38333333333333336 0.0140625 0.016666666666666666
2 0.565625 0.37222222222222223 0.003125 0.005555555555555556
2 0.5828125 0.36944444444444446 0.00625 0.011111111111111112
2 0.6046875 0.36944444444444446 0.0046875 0.008333333333333333
2 0.571875 0.37222222222222223 0.009375 0.011111111111111112
2 0.63125 0.375 0.0046875 0.008333333333333333
2 0.6453125 0.37222222222222223 0.0046875 0.008333333333333333
2 0.690625 0.3861111111111111 0.0046875 0.011111111111111112
2 0.7234375 0.3888888888888889 0.00625 0.008333333333333333
2 0.5515625 0.3638888888888889 0.00625 0.008333333333333333
0 0.190625 0.49722222222222223 0.1171875 0.4
0 0.5046875 0.2777777777777778 0.015625 0.06666666666666667