0 0.4328125 0.4888888888888889 0.0953125 0.4722222222222222
0 0.1359375 0.2777777777777778 0.0296875 0.1111111111111111
0 0.4890625 0.28055555555555556 0.015625 0.044444444444444446
0 0.165625 0.2777777777777778 0.0375 0.10277777777777777
0 0.153125 0.275 0.025 0.09444444444444444
1 0.4265625 0.6666666666666666 0.04375 0.1638888888888889
2 0.4703125 0.26944444444444443 0.0046875 0.013888888888888888
2 0.5671875 0.37222222222222223 0.0046875 0.008333333333333333
2 0.58125 0.37222222222222223 0.003125 0.005555555555555556
2 0.571875 0.37222222222222223 0.0046875 0.005555555555555556
2 0.6046875 0.36944444444444446 0.003125 0.008333333333333333
2 0.63125 0.375 0.0078125 0.008333333333333333
2 0.6453125 0.375 0.0046875 0.008333333333333333
2 0.690625 0.3861111111111111 0.0046875 0.008333333333333333
2 0.7234375 0.39166666666666666 0.0046875 0.008333333333333333