0 0.4859375 0.5166666666666667 0.1125 0.41944444444444445
0 0.1359375 0.2777777777777778 0.03125 0.1111111111111111
0 0.1546875 0.2722222222222222 0.0234375 0.08333333333333333
0 0.1640625 0.26944444444444443 0.040625 0.08611111111111111
2 0.475 0.23333333333333334 0.0046875 0.011111111111111112
2 0.5828125 0.36944444444444446 0.0046875 0.008333333333333333
2 0.5703125 0.37222222222222223 0.0046875 0.008333333333333333
2 0.5671875 0.37222222222222223 0.0046875 0.008333333333333333
2 0.6046875 0.36944444444444446 0.0046875 0.008333333333333333
2 0.63125 0.375 0.00625 0.008333333333333333
2 0.64375 0.375 0.0046875 0.008333333333333333
2 0.690625 0.3861111111111111 0.00625 0.008333333333333333
2 0.721875 0.39166666666666666 0.00625 0.011111111111111112
0 0.4953125 0.275 0.01875 0.06666666666666667