2 0.3765625 0.25277777777777777 0.009375 0.016666666666666666
2 0.5671875 0.36944444444444446 0.00625 0.008333333333333333
2 0.5828125 0.36944444444444446 0.0046875 0.008333333333333333
2 0.60625 0.36944444444444446 0.00625 0.008333333333333333
2 0.63125 0.375 0.00625 0.005555555555555556
2 0.6453125 0.375 0.00625 0.008333333333333333
2 0.690625 0.3861111111111111 0.0046875 0.005555555555555556
2 0.721875 0.39166666666666666 0.0046875 0.011111111111111112
2 0.5703125 0.37222222222222223 0.0046875 0.008333333333333333
2 0.5515625 0.3638888888888889 0.0046875 0.008333333333333333
0 0.1953125 0.44166666666666665 0.0984375 0.4
0 0.4796875 0.275 0.0171875 0.058333333333333334