0 0.353125 0.49444444444444446 0.109375 0.37777777777777777
0 0.18125 0.2638888888888889 0.0265625 0.08888888888888889
0 0.15625 0.275 0.0265625 0.09444444444444444
0 0.1421875 0.2777777777777778 0.03125 0.10555555555555556
0 0.4515625 0.275 0.0140625 0.03888888888888889
2 0.43125 0.2722222222222222 0.0015625 0.005555555555555556
2 0.58125 0.37222222222222223 0.0046875 0.008333333333333333
2 0.565625 0.37222222222222223 0.0046875 0.005555555555555556
2 0.5703125 0.375 0.003125 0.011111111111111112
2 0.6046875 0.36944444444444446 0.0046875 0.008333333333333333
2 0.6328125 0.375 0.003125 0.008333333333333333
2 0.64375 0.375 0.0046875 0.005555555555555556
2 0.690625 0.3861111111111111 0.003125 0.008333333333333333
2 0.721875 0.39166666666666666 0.003125 0.005555555555555556