0 0.5859375 0.5611111111111111 0.1015625 0.4
0 0.1359375 0.2777777777777778 0.0296875 0.1111111111111111
0 0.15625 0.275 0.0265625 0.09166666666666666
0 0.1796875 0.2638888888888889 0.025 0.08333333333333333
0 0.5046875 0.28055555555555556 0.015625 0.05
0 0.1671875 0.26944444444444443 0.046875 0.08888888888888889
2 0.4875 0.2611111111111111 0.00625 0.016666666666666666
2 0.565625 0.36944444444444446 0.0046875 0.011111111111111112
2 0.5703125 0.37222222222222223 0.003125 0.005555555555555556
2 0.6046875 0.36944444444444446 0.00625 0.011111111111111112
2 0.63125 0.375 0.003125 0.008333333333333333
2 0.690625 0.3861111111111111 0.00625 0.008333333333333333
2 0.721875 0.39166666666666666 0.00625 0.011111111111111112
2 0.64375 0.375 0.0046875 0.008333333333333333