0 0.778125 0.44722222222222224 0.084375 0.2916666666666667
0 0.1796875 0.26666666666666666 0.025 0.08333333333333333
0 0.1421875 0.2777777777777778 0.0265625 0.10833333333333334
0 0.15625 0.2722222222222222 0.0234375 0.08333333333333333
0 0.440625 0.2833333333333333 0.0140625 0.04722222222222222
2 0.58125 0.37222222222222223 0.0046875 0.008333333333333333
2 0.6046875 0.37222222222222223 0.0046875 0.005555555555555556
2 0.565625 0.37222222222222223 0.003125 0.005555555555555556
2 0.5703125 0.37222222222222223 0.0015625 0.008333333333333333
2 0.63125 0.375 0.0046875 0.008333333333333333
2 0.6453125 0.375 0.0046875 0.008333333333333333