0 0.28125 0.5416666666666666 0.1171875 0.475
0 0.1359375 0.2777777777777778 0.03125 0.1111111111111111
0 0.165625 0.2777777777777778 0.040625 0.10277777777777777
2 0.4578125 0.2777777777777778 0.0046875 0.008333333333333333
2 0.5828125 0.37222222222222223 0.0046875 0.005555555555555556
2 0.5703125 0.37222222222222223 0.0046875 0.005555555555555556
2 0.5671875 0.36944444444444446 0.003125 0.008333333333333333
2 0.60625 0.36944444444444446 0.003125 0.005555555555555556
2 0.63125 0.375 0.003125 0.005555555555555556
2 0.64375 0.375 0.0046875 0.008333333333333333
2 0.690625 0.3861111111111111 0.003125 0.005555555555555556
2 0.721875 0.39166666666666666 0.0046875 0.008333333333333333