0 0.5703125 0.5416666666666666 0.1125 0.4444444444444444
0 0.1359375 0.2777777777777778 0.03125 0.1111111111111111
0 0.1796875 0.2638888888888889 0.025 0.08333333333333333
0 0.15625 0.275 0.028125 0.1
1 0.609375 0.4305555555555556 0.0390625 0.11666666666666667
0 0.5109375 0.28055555555555556 0.015625 0.05
2 0.496875 0.39166666666666666 0.0109375 0.03611111111111111
2 0.63125 0.375 0.0046875 0.011111111111111112
2 0.64375 0.375 0.003125 0.008333333333333333
2 0.690625 0.3861111111111111 0.003125 0.005555555555555556
2 0.7234375 0.39166666666666666 0.003125 0.005555555555555556
2 0.60625 0.36944444444444446 0.0046875 0.005555555555555556
2 0.5828125 0.37222222222222223 0.0046875 0.005555555555555556