2 0.465625 0.2972222222222222 0.003125 0.008333333333333333
2 0.58125 0.36944444444444446 0.003125 0.005555555555555556
2 0.6046875 0.37222222222222223 0.003125 0.008333333333333333
2 0.5703125 0.37222222222222223 0.0046875 0.005555555555555556
2 0.5671875 0.36944444444444446 0.003125 0.005555555555555556
2 0.63125 0.375 0.0046875 0.008333333333333333
2 0.64375 0.375 0.0046875 0.008333333333333333
2 0.6921875 0.3861111111111111 0.0046875 0.008333333333333333
2 0.7234375 0.3888888888888889 0.0046875 0.008333333333333333
0 0.353125 0.5166666666666667 0.15625 0.4361111111111111
0 0.1359375 0.2777777777777778 0.0296875 0.10833333333333334
0 0.4859375 0.2777777777777778 0.0125 0.05277777777777778
0 0.1640625 0.2777777777777778 0.0375 0.10555555555555556