0 0.2796875 0.5638888888888889 0.1453125 0.5222222222222223
0 0.1375 0.2777777777777778 0.0296875 0.1111111111111111
0 0.1796875 0.26666666666666666 0.0265625 0.08333333333333333
0 0.15625 0.275 0.028125 0.10555555555555556
2 0.54375 0.175 0.00625 0.008333333333333333
2 0.58125 0.36944444444444446 0.003125 0.008333333333333333
2 0.571875 0.37222222222222223 0.003125 0.005555555555555556
2 0.5671875 0.36944444444444446 0.003125 0.008333333333333333
2 0.6046875 0.36944444444444446 0.00625 0.008333333333333333
2 0.6328125 0.375 0.00625 0.005555555555555556
2 0.64375 0.37222222222222223 0.0046875 0.008333333333333333
2 0.6921875 0.38333333333333336 0.0046875 0.008333333333333333
2 0.721875 0.39166666666666666 0.003125 0.005555555555555556