0 0.28125 0.5611111111111111 0.1421875 0.5055555555555555
0 0.1796875 0.26666666666666666 0.025 0.08333333333333333
0 0.1375 0.2777777777777778 0.0296875 0.1111111111111111
0 0.1546875 0.275 0.028125 0.09166666666666666
0 0.5421875 0.2861111111111111 0.015625 0.058333333333333334
2 0.54375 0.17222222222222222 0.003125 0.008333333333333333
2 0.5671875 0.36944444444444446 0.003125 0.008333333333333333
2 0.58125 0.37222222222222223 0.0046875 0.005555555555555556
2 0.5734375 0.375 0.003125 0.005555555555555556
2 0.60625 0.37222222222222223 0.0046875 0.005555555555555556
2 0.63125 0.37777777777777777 0.00625 0.005555555555555556
2 0.6453125 0.37222222222222223 0.003125 0.005555555555555556
2 0.6921875 0.3861111111111111 0.0046875 0.005555555555555556
2 0.721875 0.39166666666666666 0.0046875 0.008333333333333333