0 0.2578125 0.4583333333333333 0.115625 0.425
0 0.18125 0.26666666666666666 0.028125 0.08333333333333333
0 0.15625 0.275 0.025 0.09166666666666666
0 0.140625 0.2777777777777778 0.0296875 0.10833333333333334
2 0.58125 0.37222222222222223 0.003125 0.005555555555555556
2 0.60625 0.36944444444444446 0.0046875 0.005555555555555556
2 0.5671875 0.36944444444444446 0.0046875 0.008333333333333333
2 0.571875 0.375 0.0046875 0.008333333333333333
2 0.6328125 0.37777777777777777 0.00625 0.011111111111111112
2 0.64375 0.375 0.00625 0.005555555555555556
2 0.690625 0.3861111111111111 0.003125 0.008333333333333333
2 0.721875 0.39166666666666666 0.003125 0.008333333333333333
0 0.45625 0.26944444444444443 0.0171875 0.07222222222222222