0 0.1578125 0.275 0.0265625 0.10277777777777777
0 0.1828125 0.26666666666666666 0.028125 0.08333333333333333
0 0.4546875 0.26666666666666666 0.0171875 0.058333333333333334
2 0.58125 0.37222222222222223 0.0046875 0.005555555555555556
2 0.5671875 0.37222222222222223 0.003125 0.008333333333333333
2 0.5703125 0.37222222222222223 0.003125 0.005555555555555556
2 0.6046875 0.36944444444444446 0.003125 0.005555555555555556
2 0.63125 0.37777777777777777 0.00625 0.005555555555555556
2 0.64375 0.375 0.00625 0.005555555555555556
2 0.6921875 0.3861111111111111 0.003125 0.005555555555555556
2 0.459375 0.2777777777777778 0.003125 0.008333333333333333