2 0.5671875 0.36944444444444446 0.003125 0.008333333333333333
2 0.58125 0.37222222222222223 0.0046875 0.008333333333333333
2 0.5703125 0.37222222222222223 0.0046875 0.008333333333333333
2 0.5515625 0.3638888888888889 0.00625 0.011111111111111112
2 0.6046875 0.36944444444444446 0.0109375 0.011111111111111112
2 0.63125 0.375 0.00625 0.013888888888888888
2 0.6453125 0.37222222222222223 0.0078125 0.011111111111111112
2 0.690625 0.3861111111111111 0.0046875 0.011111111111111112
2 0.7234375 0.39166666666666666 0.00625 0.008333333333333333
0 0.4953125 0.275 0.01875 0.06388888888888888
0 0.2046875 0.4861111111111111 0.0796875 0.3888888888888889