0 0.18125 0.26666666666666666 0.025 0.08611111111111111
0 0.1578125 0.2722222222222222 0.028125 0.09722222222222222
2 0.5828125 0.37222222222222223 0.003125 0.008333333333333333
2 0.565625 0.37222222222222223 0.003125 0.005555555555555556
2 0.571875 0.375 0.003125 0.008333333333333333
2 0.60625 0.37222222222222223 0.003125 0.005555555555555556
2 0.63125 0.37777777777777777 0.00625 0.005555555555555556
2 0.64375 0.375 0.003125 0.008333333333333333
2 0.690625 0.3861111111111111 0.0046875 0.005555555555555556
2 0.721875 0.39166666666666666 0.0046875 0.008333333333333333
2 0.4546875 0.2611111111111111 0.0015625 0.005555555555555556