2 0.446875 0.30833333333333335 0.00625 0.013888888888888888
2 0.5671875 0.37222222222222223 0.003125 0.008333333333333333
2 0.58125 0.37222222222222223 0.003125 0.008333333333333333
2 0.60625 0.36944444444444446 0.0046875 0.008333333333333333
2 0.63125 0.375 0.003125 0.008333333333333333
2 0.64375 0.375 0.0046875 0.008333333333333333
2 0.690625 0.3861111111111111 0.00625 0.013888888888888888
2 0.721875 0.39166666666666666 0.0046875 0.008333333333333333
2 0.571875 0.37222222222222223 0.003125 0.011111111111111112
0 0.5203125 0.2833333333333333 0.0203125 0.06666666666666667
0 0.2265625 0.5111111111111111 0.0890625 0.4222222222222222