0 0.85625 0.5777777777777777 0.175 0.42777777777777776
0 0.1796875 0.26666666666666666 0.025 0.08611111111111111
0 0.14375 0.275 0.03125 0.10833333333333334
0 0.15625 0.2722222222222222 0.025 0.09444444444444444
0 0.5203125 0.2777777777777778 0.01875 0.06666666666666667
2 0.5671875 0.37222222222222223 0.0015625 0.008333333333333333
2 0.571875 0.37222222222222223 0.003125 0.005555555555555556
2 0.5828125 0.37222222222222223 0.00625 0.008333333333333333
2 0.60625 0.37222222222222223 0.0046875 0.008333333333333333
2 0.63125 0.375 0.0046875 0.008333333333333333
2 0.64375 0.375 0.0078125 0.008333333333333333
2 0.690625 0.3861111111111111 0.0046875 0.005555555555555556
2 0.7234375 0.39166666666666666 0.00625 0.008333333333333333