0 0.2265625 0.5277777777777778 0.1359375 0.5111111111111111
0 0.1359375 0.2777777777777778 0.03125 0.10833333333333334
0 0.15625 0.2777777777777778 0.0296875 0.10555555555555556
2 0.45 0.24722222222222223 0.00625 0.011111111111111112
2 0.5828125 0.37222222222222223 0.0046875 0.008333333333333333
2 0.5703125 0.37222222222222223 0.003125 0.005555555555555556
2 0.5671875 0.37222222222222223 0.003125 0.005555555555555556
2 0.6078125 0.37222222222222223 0.0046875 0.008333333333333333
2 0.6328125 0.37777777777777777 0.0046875 0.008333333333333333
2 0.6453125 0.375 0.0046875 0.008333333333333333
2 0.690625 0.3861111111111111 0.003125 0.008333333333333333
2 0.721875 0.39166666666666666 0.0046875 0.008333333333333333
0 0.4796875 0.26944444444444443 0.015625 0.08333333333333333