0 0.69375 0.4527777777777778 0.08125 0.2916666666666667
0 0.1796875 0.26666666666666666 0.025 0.08333333333333333
0 0.15625 0.2722222222222222 0.025 0.08611111111111111
0 0.1421875 0.2777777777777778 0.028125 0.10833333333333334
0 0.465625 0.2777777777777778 0.01875 0.07777777777777778
1 0.7203125 0.4777777777777778 0.0515625 0.08055555555555556
2 0.63125 0.375 0.00625 0.008333333333333333
2 0.64375 0.375 0.003125 0.005555555555555556
2 0.60625 0.36944444444444446 0.003125 0.008333333333333333
2 0.5828125 0.36944444444444446 0.0046875 0.005555555555555556
2 0.5703125 0.37222222222222223 0.0046875 0.005555555555555556
2 0.5671875 0.37222222222222223 0.0046875 0.005555555555555556