2 0.4171875 0.28888888888888886 0.0078125 0.008333333333333333
2 0.5671875 0.37222222222222223 0.0046875 0.005555555555555556
2 0.5828125 0.37222222222222223 0.0046875 0.008333333333333333
2 0.571875 0.375 0.00625 0.011111111111111112
2 0.60625 0.37222222222222223 0.0078125 0.008333333333333333
2 0.63125 0.37777777777777777 0.0046875 0.008333333333333333
2 0.64375 0.375 0.003125 0.005555555555555556
2 0.690625 0.3861111111111111 0.0046875 0.008333333333333333
2 0.721875 0.39166666666666666 0.0046875 0.008333333333333333
0 0.2234375 0.4583333333333333 0.0921875 0.4305555555555556
0 0.4609375 0.26944444444444443 0.0125 0.06944444444444445