0 0.1546875 0.26944444444444443 0.0234375 0.08055555555555556
0 0.1796875 0.26666666666666666 0.0296875 0.07777777777777778
0 0.4609375 0.26944444444444443 0.0140625 0.06388888888888888
2 0.4609375 0.28055555555555556 0.003125 0.005555555555555556
2 0.5828125 0.37222222222222223 0.003125 0.005555555555555556
2 0.5671875 0.37222222222222223 0.0046875 0.005555555555555556
2 0.571875 0.375 0.003125 0.005555555555555556
2 0.6046875 0.37222222222222223 0.0046875 0.005555555555555556
2 0.63125 0.375 0.0046875 0.008333333333333333
2 0.64375 0.375 0.003125 0.005555555555555556
2 0.690625 0.3861111111111111 0.003125 0.008333333333333333
2 0.7234375 0.39166666666666666 0.003125 0.005555555555555556