2 0.3859375 0.25277777777777777 0.0078125 0.011111111111111112
2 0.5671875 0.36944444444444446 0.0046875 0.011111111111111112
2 0.58125 0.36944444444444446 0.00625 0.011111111111111112
2 0.6046875 0.36944444444444446 0.00625 0.011111111111111112
2 0.63125 0.37777777777777777 0.0046875 0.008333333333333333
2 0.6453125 0.375 0.0046875 0.008333333333333333
2 0.690625 0.3861111111111111 0.0046875 0.008333333333333333
2 0.721875 0.39166666666666666 0.00625 0.008333333333333333
2 0.5703125 0.37222222222222223 0.00625 0.011111111111111112
0 0.19375 0.45 0.0890625 0.4222222222222222
0 0.478125 0.275 0.0234375 0.058333333333333334