0 0.7609375 0.4444444444444444 0.0734375 0.2861111111111111
0 0.1796875 0.26666666666666666 0.025 0.08333333333333333
0 0.14375 0.2777777777777778 0.0328125 0.10833333333333334
0 0.15625 0.2722222222222222 0.0234375 0.08333333333333333
1 0.728125 0.43333333333333335 0.0375 0.03888888888888889
0 0.4484375 0.2722222222222222 0.0171875 0.07777777777777778
2 0.58125 0.37222222222222223 0.003125 0.005555555555555556
2 0.571875 0.37222222222222223 0.003125 0.005555555555555556
2 0.5671875 0.37222222222222223 0.0046875 0.005555555555555556
2 0.6046875 0.36944444444444446 0.003125 0.005555555555555556
2 0.6328125 0.375 0.0046875 0.005555555555555556
2 0.6453125 0.375 0.0046875 0.005555555555555556
2 0.6921875 0.3861111111111111 0.0046875 0.008333333333333333
2 0.721875 0.39166666666666666 0.00625 0.008333333333333333