2 0.3859375 0.41944444444444445 0.009375 0.019444444444444445
2 0.5671875 0.37222222222222223 0.0046875 0.005555555555555556
2 0.58125 0.36944444444444446 0.0046875 0.008333333333333333
2 0.6046875 0.36944444444444446 0.003125 0.008333333333333333
2 0.5703125 0.37222222222222223 0.00625 0.005555555555555556
2 0.63125 0.375 0.0078125 0.008333333333333333
2 0.64375 0.37222222222222223 0.0046875 0.005555555555555556
2 0.690625 0.3861111111111111 0.0046875 0.008333333333333333
2 0.721875 0.39166666666666666 0.0046875 0.008333333333333333
0 0.1984375 0.5 0.1359375 0.39444444444444443
0 0.5140625 0.2777777777777778 0.0171875 0.06666666666666667