2 0.38125 0.25277777777777777 0.0078125 0.013888888888888888
2 0.5515625 0.3638888888888889 0.003125 0.008333333333333333
2 0.565625 0.37222222222222223 0.003125 0.008333333333333333
2 0.58125 0.37222222222222223 0.003125 0.005555555555555556
2 0.6046875 0.37222222222222223 0.00625 0.008333333333333333
2 0.5703125 0.37222222222222223 0.00625 0.008333333333333333
2 0.63125 0.375 0.0046875 0.008333333333333333
2 0.64375 0.375 0.00625 0.008333333333333333
2 0.690625 0.3861111111111111 0.0078125 0.008333333333333333
2 0.721875 0.39166666666666666 0.00625 0.011111111111111112
0 0.203125 0.4444444444444444 0.1078125 0.4222222222222222
0 0.4796875 0.275 0.0234375 0.06111111111111111