0 0.7203125 0.5611111111111111 0.175 0.4861111111111111
0 0.18125 0.26666666666666666 0.025 0.08611111111111111
0 0.1421875 0.275 0.028125 0.1111111111111111
0 0.1546875 0.275 0.025 0.09722222222222222
0 0.559375 0.2861111111111111 0.0125 0.05555555555555555
2 0.5765625 0.2861111111111111 0.0015625 0.005555555555555556
2 0.5671875 0.37222222222222223 0.003125 0.005555555555555556
2 0.58125 0.37222222222222223 0.003125 0.002777777777777778
2 0.5703125 0.37222222222222223 0.0015625 0.002777777777777778
2 0.6046875 0.36944444444444446 0.003125 0.005555555555555556
2 0.63125 0.375 0.003125 0.005555555555555556
2 0.64375 0.375 0.003125 0.005555555555555556
2 0.690625 0.3861111111111111 0.003125 0.005555555555555556