0 0.1796875 0.26666666666666666 0.0265625 0.08611111111111111
0 0.15625 0.275 0.03125 0.09722222222222222
2 0.5828125 0.37222222222222223 0.0046875 0.008333333333333333
2 0.5703125 0.375 0.00625 0.008333333333333333
2 0.5671875 0.37222222222222223 0.0078125 0.011111111111111112
2 0.6046875 0.37222222222222223 0.00625 0.008333333333333333
2 0.63125 0.375 0.00625 0.005555555555555556
2 0.64375 0.375 0.0046875 0.011111111111111112
2 0.690625 0.3861111111111111 0.0046875 0.005555555555555556
2 0.721875 0.39166666666666666 0.003125 0.008333333333333333
0 0.453125 0.26944444444444443 0.01875 0.05555555555555555